4129229
81256242
99050834
105461614
120717718
162143616
184622072
222435399
228764833
236158993
238387679
238650235
239976101
242738526
258902405
269783870
325813274
329030269
345437715
357565189
359105397
361568285
364817729
400531295
446502222
460814995
529186764
530238830
551553516
567873114
572002344
581084635
581200285
593115305
620470690
631832778
640579281
680387367
684100946
697655454
697733561
729754201
759636692
796637948
840094652
855275334
856629683
877894190
883061481
897912791
913121801
991388217
1010289573
1011601352
1025012307
1039617528
1046935664
1074850599
1078335001
1167696661
1169728045
1170818112
1171696375
1209634379
1247075973
1260181155
1263662542
1267391794
1328022393
1368640292
1440601982
1519135271
1525261850
1533592491
1540730629
1540788116
1545998764
1584957946
1618938008
1626497191
1688950755
1783469155
1790834664
1793918173
1814567816
1831062607
1853828992
1865564907
1866876687
1887028687
1927967298
1944809534
1947968277
1986076845
1999975056
2021053597
2030810766
2116647938
2117952529
2125830802
