105461614
1169728045
1328022393
222435399
991388217
529186764
4129229
1814567816
2125830802
1046935664
2021053597
1074850599
329030269
120717718
593115305
729754201
1267391794
1688950755
1887028687
1545998764
1927967298
897912791
184622072
258902405
357565189
581200285
236158993
1793918173
239976101
684100946
1831062607
345437715
1853828992
1011601352
567873114
697733561
1540788116
572002344
364817729
1519135271
1618938008
238387679
446502222
1947968277
359105397
1039617528
530238830
1626497191
581084635
269783870
1025012307
361568285
1167696661
1209634379
620470690
1525261850
1790834664
856629683
1171696375
2030810766
1540730629
855275334
228764833
1247075973
1866876687
796637948
1944809534
1260181155
1368640292
162143616
631832778
840094652
400531295
1078335001
640579281
759636692
2117952529
1170818112
238650235
551553516
1440601982
1263662542
913121801
460814995
325813274
1533592491
1986076845
2116647938
242738526
1010289573
1999975056
1783469155
1865564907
81256242
883061481
1584957946
877894190
680387367
697655454
99050834
