9305795944
4565411422
5141893870
2496891042
8310382614
6307921589
0214353873
8234260349
1662172211
2981177600
3666791559
4594514004
6313963781
1396975595
5845046580
2169871805
2526840713
2514787022
3650959845
3525007035
1507042902
0221523490
7928331683
8507206725
7823033013
6957280177
6165672204
7127604407
5085890470
8769220041
3941716393
4663754866
7402905095
2462685898
9184797569
9544660089
9437061203
6335991710
8820633229
7648079064
2520614437
4792903455
9024334960
2654928737
1504461454
4320206197
2895665584
0709529037
8805011173
6443855144
6366085270
1271912876
8729944514
1332553540
5747200532
8678962113
7641113746
1640139814
1913005795
2649169003
2902153497
6819904558
9789115087
3412822709
5648873954
4755438103
4439661842
4159363255
0687072106
2366157212
7445660218
2289591442
9924963988
3799412890
8259237745
6559084844
2596774288
2453286982
4077794326
3531574063
2681034709
2198193377
9125723920
0952051043
6692908346
7602242116
6925011127
6866240814
5826448026
4391285147
9130659544
9209042500
9634258787
0510804253
4972738491
7697086945
4160615133
6180449329
2127573322
2347245833
